1
2
3
4
5
6
7
8
9
10
11
12
13
14
15
16
17
18
19
20
21
22
23
24
25
26
27
28
29
30
31
32
33
34
35
36
37
38
39
40
41
42
43
44
45
46
47
48
49
50
51
52
53
54
55
56
57
58
59
60
61
62
63
64
65
66
67
68
69
70
71
72
73
74
75
76
77
78
79
80
81
82
83
84
85
86
87
88
89
90
91
92
93
94
95
96
97
98
99
100
101
102
103
104
105
106
107
108
109
110
111
112
113
114
115
116
121
122
123
124
125
126
127
128
130
131
162
196
197
198
339
340
344
345
346
347
348
349
371
372
373
374
375
376
377
378
437
439
444
451
463
464
465
466
467
468
469
470
471
484
567
639
645
646
647
650
651
653
660
661
664
665
666
667
668
669
670
671
672
674
675
676
693
694
695
696
697
698
699
701
703
704
705
706
707
708
710
711
712
713
715
716
717
718
720
721
722
724
725
726
727
729
731
732
733
734
736
737
738
739
741
742
743
744
780
785
803
830
832
833
834
835
836
849
850
851
852
854
855
856
857
859
860
861
868
870
871
872
912
950
952
953
954
956
958
959
960
992
994
995
996
998
1000
1001
1002
1039
1051
1089
1091
1092
1093
1099
1101
1102
1103
1141
1146
1147
1148
1149
1150
1156
1181
1182
1183
1185
1186
1187
1188
1189
1194
1198
1199
1201
1242
1255
1256
1258
1259
1260
1262
1263
1264
1267
1268
1269
1276
1279
1280
1281
1287
1289
1290
1291
1294
1296
1298
1300
1301
1303
1304
1305
1309
1333
1338
1339
1340
1367
1369
1370
1371
1560
1578
1579
1616
1647
1670
1671
1672
1673
1674
1675
1676
1677
1678
1679
1680
1681
1682
1683
1684
1685
1686
1687
1688
1689
1690
1691
1692
1693
1694
1695
1696
1827
1840
1976
1982
2109
2124
2125
2126
2127
2128
2151
2152
2153
2154
2180
2199
2212
2287
2296
2297
2298
2299
2300
2301
2302
2303
2305
2306
2308
2309
2310
2311
2312
2313
2314
2315
2316
2317
2318
2319
2320
2321
2322
2323
2324
2325
2326
2327
2328
2329
2330
2331
2332
2333
2334
2337
2349
2351
2360
2364
2372
2373
2392
2393
2434
2435
2436
2437
2438
2439
2440
2441
2445
2460
2461
2486
2495
2496
2536
2537
2545
2567
2576
2583
2584
2585
2588
2591
2604
2616
2663
2710
2726
2748
2756
2772
2780
2781
2782
2783
2784
2796
2814
2826
2827
2828
2829
2830
2831
2832
2833
2834
2835
2866
2899
2901
2914
2947
2952
2953
2968
2972
2978
2979
3032
3055
3056
3057
3058
3059
3060
3061
3062
3063
3064
3065
3066
3068
3069
3070
3071
3072
3073
3074
3075
3076
3077
3078
3079
3080
3081
3082
3083
3084
3085
3086
3087
3088
3089
3090
3091
3092
3093
3094
3095
3096
3097
3098
3099
3100
3101
3102
3103
3104
3105
3106
3107
3108
3109
3110
3111
3112
3113
3114
3115
3116
3117
3119
3123
3124
3135
3168
3171
3172
3175
3177
3178
3179
3180
3181
3183
3184
3200
3201
3202
3203
3204
3205
3206
3207
3208
3209
3210
3212
3310
3314
3315
3316
3329
3330
3339
3341
3343
3345
3347
3350
3374
3375
3394
3451
3457
3476
3477
3480
3481
3482
3484
3485
3486
3488
3503
3505
3507
3515
3518
3519
3524
3525
3547
3550
3551
3555
3556
3559
3574
3606
3618
3635
3657
3667
3672
3676
3684
3687
3704
3854
3896
3927
3942
3959
3977
3980
3986
4028
4090
4318
4329
4372
4443
4525
4526
4532
4533
4534
4536
4537
4538
4539
4542
4543
4544
4574
4575
4576
4639
4668
4671
4674
4677
4678
4679
4680
4682
4701
4703
4704
4707
4710
4711
4713
4715
4717
4719
4721
4723
4724
4726
4730
4734
4742
4745
4752
4753
4780
4781
4786
4918
4919
4921
4926
4934
4950
4985
5000
5146
5148
5175
5196
5200
5201
5202
5257
5263
5264
5265
5285
5377
5379
5380
5381
5473
5475
5476
5477
5478
5580
5582
5587
5589
5598
5602
5603
5604
5636
5739
5740
5751
5847
5876
5878
5879
5880
5957
5958
5959
5963
5964
5966
5967
5968
5969
5974
5976
5977
5978
5993
6299
6407
6478
6565
6623
6789
6818
6996
7063
7067
7070
7071
7072
7073
7074
7075
7076
7077
7078
7079
7080
7081
7082
7083
7084
7085
7088
7093
7095
7100
7101
7102
7103
7104
7105
7106
7107
7108
7109
7110
7111
7112
7113
7114
7115
7116
7117
7118
7119
7120
7121
7122
7123
7126
7127
7128
7129
7130
7132
7136
7137
7138
7139
7140
7141
7142
7143
7145
7146
7148
7149
7150
7152
7153
7154
7155
7156
7157
7158
7159
7161
7167
7168
7169
7170
7171
7173
7174
7175
7176
7178
7179
7180
7181
7183
7184
7185
7186
7188
7196
7321
7550
7735
7981
8048
8548
8606
8688
8785
9208
9262
9274
9275
9276
9277
9278
9279
9280
9281
9283
9286
9296
9297
9301
9302
9303
9305
9458
9461
9462
9463
9524
9585
9789
9790
9998
10077
10081
10082
10083
10150
10154
10155
10156
10187
10190
10191
10192
10268
10580
10601
10602
10603
10696
10697
10698
10699
10700
10701
10702
10703
10704
10705
10706
10707
10708
10709
10710
10711
10712
10713
10714
10715
10717
10720
10723
10725
10727
10729
10776
10779
10787
10811
10909
11028
11114
11161
11748
11804
11808
11809
11810
11823
11824
11840
11926
11962
12190
12192
12193
12194
12199
12213
12243
12311
12401
12404
12405
12406
12717
12718
12720
12725
12958
13264
13266
13267
13268
14152
14236
14529
14531
14532
14533
14577
15198
15840
15870
15871
15927
16115
16175
16201
16204
16205
16206
16232
16233
16322
16443
16444
16451
16460
16482
16502
16551
16635
16804
16976
17059
17298
17311
17452
17476
17481
17590
17666
17668
17669
17670
17843
18252
18253
18380
18442
18443
18630
18919
19172
19174
19175
19176
19412
19872
19874
19875
19876
20639
20792
20828
20878
21018
21223
21614
22061
22114
22116
22117
22118
22278
22280
22281
22282
22309
22314
22315
22410
22508
22511
22513
22514
22515
22755
22757
22758
22759
22811
23091
23266
23661
23665
23666
23667
23692
23694
23695
23696
23699
24097
24189
24266
24394
24411
24796
24871
24875
24949
25024
25039
25112
25169
25214
25215
25216
25217
25225
25262
25307
25671
25687
26131
26312
26313
26334
26353
26376
26547
26549
26550
26551
26662
26781
26811
26813
26814
26815
26888
26890
26891
26892
26984
27034
27111
27117
27141
27186
27351
27435
27444
27445
27448
27449
27622
27627
27628
27629
27950
28095
28119
28710
28969
28970
28973
29135
29136
29245
29246
29247
29496
29622
29908
29991
29992
30087
30168
30230
30363
30392
30476
30619
30623
30624
30625
30806
30978
30980
30981
30982
31126
31349
31355
31358
