cpu  3137 0 1549 7002576 2256 36 77 0 0
cpu0 85 0 106 249968 175 2 5 0 0
cpu1 95 0 137 250090 18 1 2 0 0
cpu2 5 0 6 250328 1 0 1 0 0
cpu3 2 0 5 250334 1 0 1 0 0
cpu4 1287 0 89 248543 415 2 4 0 0
cpu5 95 0 121 250072 49 2 3 0 0
cpu6 5 0 10 250319 6 0 1 0 0
cpu7 2 0 5 250330 3 0 1 0 0
cpu8 103 0 99 249991 143 1 4 0 0
cpu9 58 0 104 250128 48 1 2 0 0
cpu10 6 0 10 250323 2 0 1 0 0
cpu11 4 0 6 250327 4 0 1 0 0
cpu12 566 0 96 249250 422 2 6 0 0
cpu13 68 0 114 250137 20 1 2 0 0
cpu14 7 0 10 250323 1 0 1 0 0
cpu15 2 0 6 250330 3 0 1 0 0
cpu16 150 0 60 250019 107 1 3 0 0
cpu17 127 0 124 250051 36 1 2 0 0
cpu18 7 0 7 250326 0 0 1 0 0
cpu19 2 0 5 250332 0 0 1 0 0
cpu20 63 0 64 250035 171 2 5 0 0
cpu21 69 0 134 250084 47 2 4 0 0
cpu22 5 0 9 250325 0 0 1 0 0
cpu23 3 0 8 250328 0 0 1 0 0
cpu24 222 0 85 249565 461 2 5 0 0
cpu25 85 0 104 250055 94 1 2 0 0
cpu26 2 0 6 250318 13 0 1 0 0
cpu27 3 0 4 250330 2 0 1 0 0
intr 67221 0 0 0 0 0 0 0 0 0 0 0 0 0 0 0 0 38236 0 6873 0 0 0 0 0 0 0 0 0 0 0 0 0 0 0 0 0 0 0 0 0 0 0 0 0 0 0 0 0 0 0 0 0 0 0 0 0 0 0 0 0 0 0 0 0 0 0 0 0 0 0 0 0 0 0 0 0 0 0 0 0 0 0 0 0 0 0 0 0 0 0 0 0 0 0 0 0 0 0 0 0 0 0 0 0 0 0 0 0 0 0 0 0 0 0 0 0 0 0 0 0 0 0 0 0 0 0 0 0 0 0 0 0 0 0 0 0 0 0 0 0 0 0 0 0 0 0 0 0 0 0 0 0 0 0 0 0 0 0 0 0 0 0 0 0 0 0 0 0 0 0 0 0 0 0 0 0 0 0 0 0 0 0 0 0 0 0 0 0 0 0 0 0 0 0 0 0 0 0 0 0 0 0 0 0 0 0 0 0 0 0 0 0 0 0 0 0 0 0 0 0 0 0 0 0 0 0 0 0 0 0 0 0 0 0 0 0 0 0 0 0 0 0 0 0 0 0 0 0 0 0 0 0 0 0 0 0 1 0 0 0 0 0 0 0 0 0 0 19232 0 0 0 0 0 0 0 0 0 0 1310 793 776 0 0 0 0 0 0 0 0 0 0 0 0 0 0 0 0 0 0 0 0 0 0 0 0 0 0 0 0 0 0 0 0 0 0 0 0 0 0 0 0 0 0 0 0 0 0 0 0 0 0 0 0 0 0 0 0 0 0 0 0 0 0 0 0 0 0 0 0 0 0 0 0 0 0 0 0 0 0 0 0 0 0 0 0 0 0 0 0 0 0 0 0 0 0 0 0 0 0 0 0 0 0 0 0 0 0 0 0 0 0 0 0 0 0 0 0 0 0 0 0 0 0 0 0 0 0 0 0 0 0 0 0 0 0 0 0 0 0 0 0 0 0 0 0 0 0 0 0 0 0 0 0 0 0 0 0 0 0 0 0 0 0 0 0 0 0 0 0 0 0 0 0 0 0 0 0 0 0 0 0 0 0 0 0 0 0 0 0 0 0 0 0 0 0 0 0 0 0 0 0 0 0 0 0 0 0 0 0 0 0 0 0 0 0 0 0 0 0 0 0 0 0 0 0 0 0 0 0 0 0 0
ctxt 175940
btime 1369073709
processes 5118
procs_running 1
procs_blocked 0
softirq 351950 2 101899 249 22551 6870 0 6874 90050 1 123454
