cpu  3017 0 1205 2128534 1548 29 43 0 0
cpu0 413 0 88 75547 172 1 3 0 0
cpu1 78 0 94 76024 28 1 1 0 0
cpu2 3 0 4 76216 4 0 0 0 0
cpu3 0 0 3 76221 1 0 0 0 0
cpu4 200 0 70 75686 265 1 3 0 0
cpu5 93 0 97 75977 55 1 1 0 0
cpu6 5 0 6 76212 1 0 0 0 0
cpu7 2 0 2 76221 0 0 0 0 0
cpu8 422 0 45 75638 117 1 2 0 0
cpu9 71 0 95 76026 31 1 1 0 0
cpu10 6 0 4 76212 2 0 0 0 0
cpu11 5 0 4 76214 2 0 0 0 0
cpu12 103 0 43 75925 151 1 2 0 0
cpu13 52 0 94 76033 45 1 1 0 0
cpu14 4 0 4 76217 1 0 0 0 0
cpu15 1 0 2 76222 0 0 0 0 0
cpu16 145 0 60 75919 96 1 2 0 0
cpu17 104 0 102 75996 19 1 1 0 0
cpu18 5 0 4 76215 0 0 0 0 0
cpu19 2 0 3 76218 1 0 0 0 0
cpu20 507 0 77 75493 144 1 2 0 0
cpu21 77 0 87 76019 39 1 1 0 0
cpu22 1 0 4 76216 4 0 0 0 0
cpu23 1 0 3 76220 0 0 0 0 0
cpu24 564 0 80 75298 276 2 3 0 0
cpu25 126 0 101 75931 63 1 1 0 0
cpu26 6 0 6 76203 9 0 0 0 0
cpu27 7 0 7 76201 9 0 1 0 0
intr 50654 0 0 0 0 0 0 0 0 0 0 0 0 0 0 0 0 36888 0 7106 6660 0 0 0 0 0 0 0 0 0 0 0 0 0 0 0 0 0 0 0 0 0 0 0 0 0 0 0 0 0 0 0 0 0 0 0 0 0 0 0 0 0 0 0 0 0 0 0 0 0 0 0 0 0 0 0 0 0 0 0 0 0 0 0 0 0 0 0 0 0 0 0 0 0 0 0 0 0 0 0 0 0 0 0 0 0 0 0 0 0 0 0 0 0 0 0 0 0 0 0 0 0 0 0 0 0 0 0 0 0 0 0 0 0 0 0 0 0 0 0 0 0 0 0 0 0 0 0 0 0 0 0 0 0 0 0 0 0 0 0 0 0 0 0 0 0 0 0 0 0 0 0 0 0 0 0 0 0 0 0 0 0 0 0 0 0 0 0 0 0 0 0 0 0 0 0 0 0 0 0 0 0 0 0 0 0 0 0 0 0 0 0 0 0 0 0 0 0 0 0 0 0 0 0 0 0 0 0 0 0 0 0 0 0 0 0 0 0 0 0 0 0 0 0 0 0 0 0 0 0 0 0 0 0 0 0 0 0 0 0 0 0 0 0 0 0 0 0 0 0 0 0 0 0 0 0 0 0 0 0 0 0 0 0 0 0 0 0 0 0 0 0 0 0 0 0 0 0 0 0 0 0 0 0 0 0 0 0 0 0 0 0 0 0 0 0 0 0 0 0 0 0 0 0 0 0 0 0 0 0 0 0 0 0 0 0 0 0 0 0 0 0 0 0 0 0 0 0 0 0 0 0 0 0 0 0 0 0 0 0 0 0 0 0 0 0 0 0 0 0 0 0 0 0 0 0 0 0 0 0 0 0 0 0 0 0 0 0 0 0 0 0 0 0 0 0 0 0 0 0 0 0 0 0 0 0 0 0 0 0 0 0 0 0 0 0 0 0 0 0 0 0 0 0 0 0 0 0 0 0 0 0 0 0 0 0 0 0 0 0 0 0 0 0 0 0 0 0 0 0 0 0 0 0 0 0 0 0 0 0 0 0 0 0 0 0 0 0 0 0 0 0 0 0 0 0 0 0 0 0 0 0 0 0 0 0 0 0 0 0 0 0 0 0 0 0 0 0 0 0 0 0 0 0 0 0 0 0 0 0 0 0 0
ctxt 104665
btime 1369068104
processes 5098
procs_running 1
procs_blocked 0
softirq 219488 0 61918 0 7466 6655 0 6661 53485 2 83301
